1 0.14213 0.9618 0.8678 0.091005 0.85476 0.63921
2 0.51952 0.79748 0.83596 0.92466 0.70245 0.055936
3 0.39863 0.75267 0.94512 0.40808 0.09169 0.45571
4 0.74405 0.01503 0.91111 0.56628 0.57881 0.14125
5 0.080822 0.54834 0.21427 0.33848 0.013903 0.89615
6 0.69829 0.51451 0.52893 0.39162 0.12887 0.29106
7 0.1635 0.71244 0.1028 0.69878 0.25528 0.78368
8 0.067034 0.56174 0.015158 0.20627 0.53992 0.8161
9 0.42838 0.34814 0.068837 0.83139 0.78059 0.74297
10 0.24484 0.63051 0.34088 0.17133 0.75559 0.87513
11 0.96883 0.89359 0.30741 0.96549 0.48334 0.026002
12 0.66422 0.079828 0.60691 0.62115 0.6627 0.93813
13 0.44471 0.23687 0.57027 0.46158 0.38292 0.11492
14 0.30297 0.82762 0.79423 0.8423 0.95883 0.39674
15 0.54134 0.15104 0.47727 0.054866 0.97958 0.58842
16 0.863 0.25219 0.73871 0.76774 0.041452 0.97293
17 0.22179 0.45199 0.69024 0.90394 0.42899 0.66172
18 0.012183 0.92593 0.24657 0.54714 0.33026 0.34003
19 0.83618 0.65764 0.17117 0.66485 0.31533 0.19766
20 0.77066 0.097187 0.1245 0.49124 0.60923 0.23706
21 0.3548 0.41876 0.39349 0.75228 0.44937 0.26648
22 0.90014 0.28564 0.67195 0.020401 0.17837 0.54656
23 0.58961 0.38215 0.96472 0.31517 0.23323 0.4006
24 0.93633 0.18466 0.50152 0.1544 0.8028 0.48993
25 0.6309 0.85619 0.43252 0.24211 0.91167 0.69414
