1 0.52487 0.11593 0.46483 0.79241 0.28378 0.35495
2 0.67449 0.97457 0.016917 0.094605 0.12057 0.89162
3 0.1494 0.71857 0.84147 0.44692 0.86888 0.7771
4 0.73009 0.37565 0.94503 0.22208 0.94715 0.10867
5 0.41091 0.50707 0.50828 0.3066 0.083435 0.084762
6 0.0040709 0.065002 0.77142 0.88701 0.4398 0.51742
7 0.24528 0.28034 0.62428 0.64312 0.3737 0.94617
8 0.38614 0.67489 0.22463 0.55306 0.53459 0.40039
9 0.88507 0.4384 0.36196 0.99881 0.63108 0.69218
10 0.97425 0.85267 0.14322 0.16629 0.72518 0.25573
