1 0.97762 0.037265 0.77249 0.10109 0.78621 0.10544
2 0.86264 0.89784 0.17514 0.69331 0.37822 0.53234
3 0.09125 0.50894 0.054836 0.50606 0.98179 0.30117
4 0.63599 0.91994 0.87723 0.79818 0.29582 0.72332
5 0.38194 0.12542 0.51956 0.33162 0.88931 0.66633
6 0.79549 0.71869 0.60139 0.42163 0.63836 0.43376
7 0.42768 0.66167 0.497 0.94659 0.40603 0.075583
8 0.56526 0.43827 0.34643 0.21146 0.16455 0.97045
9 0.13394 0.34245 0.29129 0.0101 0.058937 0.23198
10 0.26161 0.24699 0.91979 0.83741 0.50157 0.84722
