1 0.88597 0.075643 0.28251 0.39316 0.9294 0.9682
2 0.57399 0.32149 0.58614 0.55637 0.63549 0.63914
3 0.49132 0.79259 0.040111 0.88261 0.24477 0.0089805
4 0.65706 0.66061 0.60989 0.097389 0.87819 0.70909
5 0.27427 0.59966 0.70606 0.70453 0.32276 0.14084
6 0.97024 0.87793 0.87788 0.45694 0.4772 0.46674
7 0.75751 0.19987 0.95173 0.10384 0.76291 0.81469
8 0.088079 0.98108 0.4624 0.92376 0.11091 0.55576
9 0.15049 0.28575 0.34762 0.69927 0.014362 0.30956
10 0.32936 0.47319 0.17351 0.232 0.55976 0.29668
