1 0.4204 0.30827 0.090813 0.044919 0.1595 0.29652
2 0.87666 0.94902 0.95979 0.81291 0.68264 0.97072
3 0.33992 0.70258 0.77048 0.99577 0.74248 0.019856
4 0.58875 0.18027 0.86935 0.10953 0.53938 0.36535
5 0.94842 0.088882 0.58944 0.4869 0.37856 0.59167
6 0.11622 0.47026 0.44062 0.61663 0.84801 0.14889
7 0.20792 0.86036 0.37173 0.21995 0.0010814 0.66332
8 0.050177 0.25792 0.68448 0.70821 0.45101 0.82605
9 0.77224 0.56885 0.19993 0.58627 0.93051 0.44753
10 0.63475 0.63062 0.27164 0.34953 0.25886 0.71955
