0.2 -3 -0.084051 0.04119 -0.01583
0.2 -1 -0.022018 0.037825 0.00058665
0.2 0 0.0074205 0.04041 0.0088205
0.5 -5 -0.15216 0.048454 -0.031036
0.5 -3 -0.080683 0.042311 -0.014787
0.5 -1 -0.02436 0.037412 0.00099297
0.5 0 0.008267 0.038726 0.0087433
0.9 -3 -0.095581 0.049251 -0.015685
0.9 0 0.009669 0.04646 0.0089943
1.1 -5 -0.19327 0.079637 -0.034935
1.1 -3 -0.111 0.070714 -0.01714
1.1 -1 -0.034418 0.066794 7.0829e-06
1.1 0 -0.002593 0.06897 0.0081979
2 -6 -0.11994 0.063532 -0.024109
2 -5 -0.092016 0.059867 -0.017494
2 -3 -0.039563 0.055498 -0.0049096
2 -1 0.011907 0.055337 0.0075138
2 0 0.037414 0.055087 0.013933
4 -6 -0.093471 0.023895 -0.021031
4 -5 -0.072518 0.020729 -0.016453
4 -3 -0.031309 0.016843 -0.0071775
4 -1 0.0072161 0.015861 0.0019212
5.1 -6 -0.087362 0.019532 -0.019294
5.1 -5 -0.068981 0.016643 -0.015182
5.1 -3 -0.033058 0.012969 -0.006993
5.1 -1 0.0022859 0.012012 0.0013454
