0.2 -3 -0.084051 0.04119 0.0022499
0.2 -1 -0.022018 0.037825 0.0053485
0.2 0 0.0074205 0.04041 0.0072621
0.5 -5 -0.15216 0.048454 0.0016853
0.5 -3 -0.080683 0.042311 0.0025987
0.5 -1 -0.02436 0.037412 0.0062451
0.5 0 0.008267 0.038726 0.0070072
0.9 -3 -0.095581 0.049251 0.0049021
0.9 0 0.009669 0.04646 0.0069637
1.1 -5 -0.19327 0.079637 0.0069561
1.1 -3 -0.111 0.070714 0.0069155
1.1 -1 -0.034418 0.066794 0.0074788
1.1 0 -0.002593 0.06897 0.0087425
2 -6 -0.11994 0.063532 0.0023364
2 -5 -0.092016 0.059867 0.0028526
2 -3 -0.039563 0.055498 0.0039975
2 -1 0.011907 0.055337 0.0052163
2 0 0.037414 0.055087 0.0060756
4 -6 -0.093471 0.023895 -0.00098416
4 -5 -0.072518 0.020729 -0.0009023
4 -3 -0.031309 0.016843 -0.00042624
4 -1 0.0072161 0.015861 0.00046415
5.1 -6 -0.087362 0.019532 -0.00061851
5.1 -5 -0.068981 0.016643 -0.00044636
5.1 -3 -0.033058 0.012969 8.2633e-05
5.1 -1 0.0022859 0.012012 0.00090941
