0.2 -3 -0.084051 0.04119 -0.017111
0.2 -1 -0.022018 0.037825 0.00024922
0.2 0 0.0074205 0.04041 0.0089309
0.5 -5 -0.15216 0.048454 -0.033354
0.5 -3 -0.080683 0.042311 -0.016019
0.5 -1 -0.02436 0.037412 0.0006208
0.5 0 0.008267 0.038726 0.0088663
0.9 -3 -0.095581 0.049251 -0.017143
0.9 0 0.009669 0.04646 0.0091382
1.1 -5 -0.19327 0.079637 -0.037903
1.1 -3 -0.111 0.070714 -0.018845
1.1 -1 -0.034418 0.066794 -0.00052238
1.1 0 -0.002593 0.06897 0.0081593
2 -6 -0.11994 0.063532 -0.025983
2 -5 -0.092016 0.059867 -0.018936
2 -3 -0.039563 0.055498 -0.0055408
2 -1 0.011907 0.055337 0.0076766
2 0 0.037414 0.055087 0.01449
4 -6 -0.093471 0.023895 -0.022452
4 -5 -0.072518 0.020729 -0.017555
4 -3 -0.031309 0.016843 -0.0076559
4 -1 0.0072161 0.015861 0.0020245
5.1 -6 -0.087362 0.019532 -0.020617
5.1 -5 -0.068981 0.016643 -0.016227
5.1 -3 -0.033058 0.012969 -0.0074944
5.1 -1 0.0022859 0.012012 0.0013763
