0.2 -3 -0.084051 0.04119 0.0025624
0.2 -1 -0.022018 0.037825 0.0054308
0.2 0 0.0074205 0.04041 0.0072352
0.5 -5 -0.15216 0.048454 0.0022509
0.5 -3 -0.080683 0.042311 0.0028992
0.5 -1 -0.02436 0.037412 0.0063359
0.5 0 0.008267 0.038726 0.0069771
0.9 -3 -0.095581 0.049251 0.005258
0.9 0 0.009669 0.04646 0.0069287
1.1 -5 -0.19327 0.079637 0.0076802
1.1 -3 -0.111 0.070714 0.0073313
1.1 -1 -0.034418 0.066794 0.007608
1.1 0 -0.002593 0.06897 0.0087519
2 -6 -0.11994 0.063532 0.0027936
2 -5 -0.092016 0.059867 0.0032043
2 -3 -0.039563 0.055498 0.0041515
2 -1 0.011907 0.055337 0.0051766
2 0 0.037414 0.055087 0.0059398
4 -6 -0.093471 0.023895 -0.00063765
4 -5 -0.072518 0.020729 -0.0006335
4 -3 -0.031309 0.016843 -0.00030954
4 -1 0.0072161 0.015861 0.00043896
5.1 -6 -0.087362 0.019532 -0.00029571
5.1 -5 -0.068981 0.016643 -0.00019165
5.1 -3 -0.033058 0.012969 0.00020494
5.1 -1 0.0022859 0.012012 0.00090187
