0.2 -20 -0.10287 0.073429 0.022881
0.2 -10 -0.024489 0.051613 0.010118
0.2 0 0.044664 0.040636 0.0013243
0.2 10 0.11344 0.047622 -0.0067475
0.2 20 0.18113 0.075169 -0.013585
0.5 -20 -0.089379 0.06408 0.020838
0.5 -10 -0.022549 0.044855 0.011132
0.5 0 0.035188 0.040485 0.002755
0.5 10 0.099839 0.053623 -0.0045262
0.5 20 0.18679 0.065264 -0.016761
0.9 -20 -0.12354 0.08569 0.02934
0.9 -10 0.13862 0.053566 -0.015311
0.9 0 0.042511 0.047096 0.0010918
0.9 10 0.13862 0.053566 -0.015311
0.9 20 0.223 0.086799 -0.031402
1.1 -20 -0.11089 0.09957 0.031435
1.1 -10 -0.047116 0.076904 0.018797
1.1 0 0.027508 0.069675 0.0031953
1.1 10 0.097652 0.08107 -0.010985
1.1 20 0.15203 0.10641 -0.021
3 -20 0.022535 0.059157 0.0076131
3 -10 0.029811 0.053473 0.0067148
3 0 0.041616 0.051702 0.0040239
3 10 0.054514 0.053426 0.001453
3 20 0.068648 0.059855 -0.001631
5 -20 -7.5705e-05 0.019151 0.0054923
5 -10 0.011777 0.013826 0.0029147
5 0 0.019458 0.012628 0.0012017
5 10 0.027608 0.013959 -0.00042057
7 -20 -0.0070055 0.01529 0.0054752
7 -10 0.005733 0.0099033 0.0026916
7 0 0.012539 0.0089575 0.0011727
7 10 0.019851 0.010124 -0.00029113
7 20 0.033662 0.016092 -0.003335
9 -20 -0.0091105 0.013266 0.0052952
9 -10 0.0027885 0.0082279 0.0026048
9 0 0.0090801 0.007464 0.0012239
9 10 0.015494 0.0084715 -6.6826e-05
9 20 0.030202 0.014566 -0.0033055
10 -20 -0.010868 0.012843 0.005387
10 -10 0.0028103 0.0075959 0.0024438
10 0 0.0080094 0.0069288 0.0012341
10 10 0.013654 0.0078221 7.9684e-05
10 20 0.028159 0.013929 -0.0031678
