5 0 0.02265 0.0064737 -0.00063869
5 0.5 0.029958 0.0069464 -0.00059982
5 1 0.037218 0.0075176 -0.00053332
5 2 0.051693 0.0090357 -0.00042515
5 4 0.079793 0.013776 4.1218e-05
5 6 0.10768 0.020651 0.00066125
5 8 0.13527 0.029667 0.0014697
5 10 0.15871 0.04041 0.0039995
6 0 0.0196 0.0057944 -0.00049425
6 0.5 0.02654 0.0062309 -0.00042712
6 1 0.033393 0.0067851 -0.00040136
6 2 0.046855 0.0082904 -0.00018712
6 4 0.072538 0.012746 0.00043195
6 6 0.09686 0.019134 0.0014458
6 8 0.12168 0.027482 0.0024121
7 0 0.017204 0.0052989 -0.00035621
7 0.5 0.02346 0.0057063 -0.00023314
7 1 0.029669 0.0062231 -9.3949e-05
7 2 0.042223 0.0076458 0.00017888
7 4 0.066863 0.011913 0.00077713
7 6 0.090323 0.017945 0.0015967
7 8 0.11363 0.0258 0.0024763
7 10 0.13757 0.035676 0.0033304
8 0 0.015531 0.0049766 -0.00019757
8 0.5 0.021259 0.0053494 -3.6164e-05
8 1 0.026996 0.005836 0.00011831
8 2 0.038441 0.0071429 0.00044261
8 6 0.084447 0.016971 0.00182
8 8 0.10495 0.024317 0.0028319
9 0 0.014304 0.0047016 -9.6462e-05
9 0.5 0.019598 0.005064 9.7184e-05
9 1 0.025048 0.0055313 0.00029166
9 2 0.035565 0.0067401 0.00063202
9 4 0.057355 0.010506 0.0013366
9 6 0.080062 0.016154 0.0020224
9 8 0.10245 0.023649 0.0028143
9 10 0.12531 0.033023 0.0036407
10 0 0.013334 0.0044601 -2.997e-05
10 0.5 0.018325 0.0047974 0.00017153
10 1 0.023257 0.0052248 0.00035504
10 2 0.033235 0.0063833 0.0007368
10 4 0.053814 0.0099894 0.0015133
10 6 0.07574 0.015471 0.002288
10 8 0.098266 0.022877 0.0030068
10 10 0.12109 0.032171 0.003754
