0.2 -20 -0.10287 0.073429 -0.016114
0.2 -10 -0.024489 0.051613 0.00083534
0.2 0 0.044664 0.040636 0.018255
0.2 10 0.11344 0.047622 0.036252
0.2 20 0.18113 0.075169 0.055074
0.5 -20 -0.089379 0.06408 -0.013042
0.5 -10 -0.022549 0.044855 0.0025847
0.5 0 0.035188 0.040485 0.016094
0.5 10 0.099839 0.053623 0.033319
0.5 20 0.18679 0.065264 0.054045
0.9 -20 -0.12354 0.08569 -0.017491
0.9 -10 0.13862 0.053566 0.037235
0.9 0 0.042511 0.047096 0.017206
0.9 10 0.13862 0.053566 0.037235
0.9 20 0.223 0.086799 0.053128
1.1 -20 -0.11089 0.09957 -0.010599
1.1 -10 -0.047116 0.076904 0.00093727
1.1 0 0.027508 0.069675 0.013622
1.1 10 0.097652 0.08107 0.026031
1.1 20 0.15203 0.10641 0.036629
3 -20 0.022535 0.059157 0.016155
3 -10 0.029811 0.053473 0.018015
3 0 0.041616 0.051702 0.019799
3 10 0.054514 0.053426 0.022117
3 20 0.068648 0.059855 0.024391
5 -20 -7.5705e-05 0.019151 0.0054636
5 -10 0.011777 0.013826 0.0073788
5 0 0.019458 0.012628 0.0085777
5 10 0.027608 0.013959 0.010045
7 -20 -0.0070055 0.01529 0.0028197
7 -10 0.005733 0.0099033 0.0048647
7 0 0.012539 0.0089575 0.0059257
7 10 0.019851 0.010124 0.0072337
7 20 0.033662 0.016092 0.009425
9 -20 -0.0091105 0.013266 0.0018418
9 -10 0.0027885 0.0082279 0.0036618
9 0 0.0090801 0.007464 0.0046658
9 10 0.015494 0.0084715 0.0058065
9 20 0.030202 0.014566 0.008143
10 -20 -0.010868 0.012843 0.0012676
10 -10 0.0028103 0.0075959 0.0035091
10 0 0.0080094 0.0069288 0.0042702
10 10 0.013654 0.0078221 0.0052555
10 20 0.028159 0.013929 0.0075064
