0.2 -20 -0.10287 0.073429 0.022747
0.2 -10 -0.024489 0.051613 0.010086
0.2 0 0.044664 0.040636 0.0013827
0.2 10 0.11344 0.047622 -0.0065991
0.2 20 0.18113 0.075169 -0.013348
0.5 -20 -0.089379 0.06408 0.020721
0.5 -10 -0.022549 0.044855 0.011103
0.5 0 0.035188 0.040485 0.002801
0.5 10 0.099839 0.053623 -0.0043956
0.5 20 0.18679 0.065264 -0.016517
0.9 -20 -0.12354 0.08569 0.029178
0.9 -10 0.13862 0.053566 -0.015129
0.9 0 0.042511 0.047096 0.0011474
0.9 10 0.13862 0.053566 -0.015129
0.9 20 0.223 0.086799 -0.03111
1.1 -20 -0.11089 0.09957 0.03129
1.1 -10 -0.047116 0.076904 0.018736
1.1 0 0.027508 0.069675 0.0032313
1.1 10 0.097652 0.08107 -0.010857
1.1 20 0.15203 0.10641 -0.020801
3 -20 0.022535 0.059157 0.0076426
3 -10 0.029811 0.053473 0.0067538
3 0 0.041616 0.051702 0.0040783
3 10 0.054514 0.053426 0.0015243
3 20 0.068648 0.059855 -0.0015412
5 -20 -7.5705e-05 0.019151 0.0054922
5 -10 0.011777 0.013826 0.0029301
5 0 0.019458 0.012628 0.0012271
5 10 0.027608 0.013959 -0.00038446
7 -20 -0.0070055 0.01529 0.0054661
7 -10 0.005733 0.0099033 0.0026991
7 0 0.012539 0.0089575 0.0011891
7 10 0.019851 0.010124 -0.00026517
7 20 0.033662 0.016092 -0.0032909
9 -20 -0.0091105 0.013266 0.0052833
9 -10 0.0027885 0.0082279 0.0026084
9 0 0.0090801 0.007464 0.0012358
9 10 0.015494 0.0084715 -4.6564e-05
9 20 0.030202 0.014566 -0.003266
10 -20 -0.010868 0.012843 0.0053728
10 -10 0.0028103 0.0075959 0.0024475
10 0 0.0080094 0.0069288 0.0012446
10 10 0.013654 0.0078221 9.7541e-05
10 20 0.028159 0.013929 -0.003131
