0.2 -20 -0.10287 0.073429 0.022388
0.2 -10 -0.024489 0.051613 0.010001
0.2 0 0.044664 0.040636 0.0015385
0.2 10 0.11344 0.047622 -0.0062035
0.2 20 0.18113 0.075169 -0.012716
0.5 -20 -0.089379 0.06408 0.02041
0.5 -10 -0.022549 0.044855 0.011024
0.5 0 0.035188 0.040485 0.0029237
0.5 10 0.099839 0.053623 -0.0040475
0.5 20 0.18679 0.065264 -0.015866
0.9 -20 -0.12354 0.08569 0.028747
0.9 -10 0.13862 0.053566 -0.014646
0.9 0 0.042511 0.047096 0.0012956
0.9 10 0.13862 0.053566 -0.014646
0.9 20 0.223 0.086799 -0.030332
1.1 -20 -0.11089 0.09957 0.030904
1.1 -10 -0.047116 0.076904 0.018571
1.1 0 0.027508 0.069675 0.0033272
1.1 10 0.097652 0.08107 -0.010517
1.1 20 0.15203 0.10641 -0.020271
3 -20 0.022535 0.059157 0.0077211
3 -10 0.029811 0.053473 0.0068577
3 0 0.041616 0.051702 0.0042234
3 10 0.054514 0.053426 0.0017144
3 20 0.068648 0.059855 -0.0013018
5 -20 -7.5705e-05 0.019151 0.0054919
5 -10 0.011777 0.013826 0.0029712
5 0 0.019458 0.012628 0.001295
5 10 0.027608 0.013959 -0.00028818
7 -20 -0.0070055 0.01529 0.0054416
7 -10 0.005733 0.0099033 0.0027191
7 0 0.012539 0.0089575 0.0012329
7 10 0.019851 0.010124 -0.00019594
7 20 0.033662 0.016092 -0.0031735
9 -20 -0.0091105 0.013266 0.0052515
9 -10 0.0027885 0.0082279 0.0026182
9 0 0.0090801 0.007464 0.0012674
9 10 0.015494 0.0084715 7.4704e-06
9 20 0.030202 0.014566 -0.0031607
10 -20 -0.010868 0.012843 0.0053349
10 -10 0.0028103 0.0075959 0.0024573
10 0 0.0080094 0.0069288 0.0012725
10 10 0.013654 0.0078221 0.00014516
10 20 0.028159 0.013929 -0.0030327
