5 0 20 -0.0021572 0.0010368 0.00050379
5 0 25 -0.0021184 0.0010256 0.00050089
5 0 30 -0.0021207 0.0010463 0.00050188
5 0 35 -0.0019518 0.00088034 0.00047474
5 0 40 -0.0020686 0.0011649 0.00049469
5 0.5 20 0.0047753 -0.006952 -0.00082242
5 0.5 25 -0.0020727 0.00094069 0.00048632
5 0.5 30 -0.0021152 0.00097432 0.00049405
5 0.5 35 -0.0020899 0.00098572 0.00048902
5 0.5 40 -0.0021994 0.0012382 0.00051042
5 1 20 -0.0017436 0.00055485 0.00043406
5 1 30 -0.0020214 0.00084085 0.00047438
5 1 35 -0.002045 0.00089093 0.00047894
5 1 40 -0.0022056 0.0011493 0.00050872
5 2 20 -0.0019114 0.00055665 0.00045316
5 2 25 -0.0019122 0.00057753 0.00045156
5 2 30 -0.0017392 0.00046198 0.00042707
5 2 35 -0.0020041 0.00077566 0.00046971
5 2 40 -0.0019482 0.00067337 0.00045908
5 4 20 -0.0016586 4.4369e-05 0.00040631
5 4 25 -0.0017298 0.0001521 0.00041986
5 4 30 -0.0017615 0.00023779 0.00042318
5 4 35 -0.0018426 0.00041378 0.00043736
5 4 40 -0.0019234 0.00060849 0.00045361
7 0 20 -0.0012002 -0.00046372 0.00035402
7 0 25 1.2359e-05 -0.0022829 4.571e-05
7 0 30 -0.00024383 -0.0016581 9.1395e-05
7 0 35 -0.00075205 -0.00041351 0.00019466
7 0 40 -0.00060366 -0.00082595 0.00016489
7 0.5 20 0.00010803 -0.00247 3.1599e-05
7 0.5 25 -8.2885e-05 -0.0019278 6.8828e-05
7 0.5 30 -0.00027642 -0.0015474 0.00010351
7 0.5 35 -0.00054664 -0.00090035 0.00015591
7 0.5 40 -0.00041203 -0.0012601 0.00012918
7 1 20 0.00015738 -0.0022349 2.8838e-05
7 1 25 -0.00016168 -0.0017872 8.2674e-05
7 1 35 -0.00017479 -0.001755 8.7361e-05
7 1 40 -0.00043728 -0.0011493 0.00013696
7 2 20 -0.00047705 -0.001026 0.00014837
7 2 25 -0.00028137 -0.0015002 0.00011355
7 2 35 -0.00028933 -0.0013629 0.00011414
7 2 40 -0.00028541 -0.0015103 0.00011034
7 4 20 0.0001365 -0.0019918 5.4676e-05
7 4 25 0.00025184 -0.002443 3.4445e-05
7 4 30 0.00047554 -0.0029237 -2.6938e-06
7 4 35 0.0004718 -0.0029198 2.1276e-06
7 4 40 0.00050435 -0.0030029 -4.4079e-06
7 6 20 0.00099464 -0.0036871 -6.2427e-05
7 6 25 0.00098328 -0.0036068 -5.6616e-05
7 6 30 0.0011685 -0.0039045 -8.6446e-05
7 6 35 0.00091921 -0.003623 -5.1587e-05
7 6 40 0.0008781 -0.0036318 -4.3297e-05
9 0 20 0.0014959 -0.0058174 -0.00025634
9 0 25 0.0023154 -0.0035259 -0.00038572
9 0 30 0.00010772 -0.0020797 1.1905e-05
9 0 35 -0.00010864 -0.001584 5.5421e-05
9 0 40 -0.00012964 -0.0015901 6.0505e-05
9 0.5 20 0.00037798 -0.0028054 -3.2172e-05
9 0.5 25 0.00010285 -0.0020108 1.9085e-05
9 0.5 30 1.0589e-05 -0.0019123 3.6557e-05
9 0.5 35 0.00036271 -0.0021659 -2.4092e-05
9 0.5 40 -5.706e-05 -0.0018167 4.99e-05
9 1 20 0.00022606 -0.0023636 5.9748e-07
9 1 25 6.0483e-05 -0.0020872 3.3056e-05
9 1 30 0.00030028 -0.0020584 -1.0413e-05
9 1 35 0.00015157 -0.002161 1.2589e-05
9 1 40 5.4974e-05 -0.0020801 3.6472e-05
9 2 20 0.00042342 -0.0027873 -2.9311e-05
9 2 25 0.00048744 -0.0028196 -3.9191e-05
9 2 30 0.00043155 -0.0028285 -2.6478e-05
9 2 35 0.00069056 -0.0028515 -7.1456e-05
9 2 40 0.00023126 -0.002373 8.8187e-06
9 4 25 0.0010041 -0.003565 -0.00010549
9 4 30 0.0013198 -0.0039486 -0.00015281
9 4 35 0.00077258 -0.0034113 -6.5123e-05
9 4 40 0.00069779 -0.0030014 -5.4589e-05
9 6 20 0.0015915 -0.0042491 -0.00017717
9 6 25 0.0014226 -0.0041913 -0.00014821
9 6 30 0.0013908 -0.004276 -0.00014174
9 6 35 0.0015784 -0.0042746 -0.00017216
9 6 40 0.001105 -0.0036608 -9.4087e-05
9 6 45 0.0015401 -0.0036638 -0.00017643
9 8 20 0.0022902 -0.0051565 -0.00025728
9 8 25 0.001796 -0.0046913 -0.00017906
9 8 30 0.0019482 -0.0045388 -0.00020903
9 8 35 0.0014179 -0.003907 -0.00012629
9 8 40 0.001272 -0.0037836 -0.00010402
9 8 45 0.0021025 -0.0044211 -0.00023628
9 10 20 0.0023113 -0.0048065 -0.00023617
9 10 25 0.0025815 -0.0049906 -0.00028223
9 10 35 0.0024683 -0.0049356 -0.00026466
9 10 40 0.0025681 -0.0049301 -0.00027237
10 0 20 0.0011679 -0.0054057 -0.00018515
10 0 25 0.00050135 -0.003012 -5.6942e-05
10 0 30 0.00038916 -0.0024035 -3.5411e-05
10 0 35 2.5142e-05 -0.0017552 3.1614e-05
10 0 40 -2.2192e-05 -0.0015549 3.9752e-05
10 0.5 20 0.00022958 -0.0025799 -2.9476e-06
10 0.5 25 0.00030168 -0.0022602 -1.6087e-05
10 0.5 30 0.00027976 -0.0021277 -1.5856e-05
10 0.5 35 0.00027192 -0.0019435 -1.1354e-05
10 0.5 40 1.9903e-05 -0.0016299 3.4114e-05
10 1 20 0.00013402 -0.0021735 1.4987e-05
10 1 25 0.00034456 -0.0023828 -2.0061e-05
10 1 30 0.00042652 -0.0023738 -3.5329e-05
10 1 35 0.00034128 -0.002094 -2.0251e-05
10 1 40 0.00019295 -0.0017756 6.0305e-06
10 2 20 0.00047378 -0.0028123 -3.574e-05
10 2 25 0.00056889 -0.0028464 -5.0139e-05
10 2 30 0.00067276 -0.0028972 -6.7231e-05
10 2 35 0.0004818 -0.0024324 -3.8418e-05
10 2 40 0.00034034 -0.0019958 -1.5603e-05
10 4 25 0.0011985 -0.0037242 -0.00013721
10 4 30 0.0011288 -0.0036197 -0.00012281
10 4 35 0.001053 -0.0033034 -0.00011574
10 4 40 0.00082596 -0.0027668 -8.035e-05
10 6 20 0.0013514 -0.0041324 -0.00013971
10 6 25 0.0011845 -0.0039568 -0.00011043
10 6 30 0.0017737 -0.0042596 -0.00020983
10 6 35 0.00093695 -0.0034596 -6.9933e-05
10 6 40 0.00091155 -0.003219 -7.0815e-05
10 6 45 0.0011914 -0.0033824 -0.00012048
10 8 20 0.0019035 -0.0045137 -0.00020595
10 8 25 0.0017822 -0.0044062 -0.00018399
10 8 30 0.0021006 -0.0045262 -0.00023455
10 8 35 0.0015316 -0.0041469 -0.00014238
10 8 40 0.0017728 -0.0041881 -0.00017866
10 10 25 0.0027759 -0.0052031 -0.00030696
10 10 30 0.0030188 -0.0053591 -0.00035201
