5 0 0.02265 0.0064737 -0.0012114
5 0.5 0.029958 0.0069464 -0.0013588
5 1 0.037218 0.0075176 -0.0014775
5 2 0.051693 0.0090357 -0.0017393
5 4 0.079793 0.013776 -0.0019956
5 6 0.10768 0.020651 -0.002101
5 8 0.13527 0.029667 -0.0020216
5 10 0.15871 0.04041 -0.00012984
6 0 0.0196 0.0057944 -0.0009898
6 0.5 0.02654 0.0062309 -0.0010995
6 1 0.033393 0.0067851 -0.0012485
6 2 0.046855 0.0082904 -0.0013784
6 4 0.072538 0.012746 -0.0014201
6 6 0.09686 0.019134 -0.0010403
6 8 0.12168 0.027482 -0.0007311
7 0 0.017204 0.0052989 -0.00079119
7 0.5 0.02346 0.0057063 -0.00082753
7 1 0.029669 0.0062231 -0.00084671
7 2 0.042223 0.0076458 -0.00089475
7 4 0.066863 0.011913 -0.00093027
7 6 0.090323 0.017945 -0.00072185
7 8 0.11363 0.0258 -0.00045935
7 10 0.13757 0.035676 -0.00025164
8 0 0.015531 0.0049766 -0.00059026
8 0.5 0.021259 0.0053494 -0.00057482
8 1 0.026996 0.005836 -0.0005667
8 2 0.038441 0.0071429 -0.00053502
8 6 0.084447 0.016971 -0.00034825
8 8 0.10495 0.024317 0.00011859
9 0 0.014304 0.0047016 -0.00045812
9 0.5 0.019598 0.005064 -0.00039941
9 1 0.025048 0.0055313 -0.00034398
9 2 0.035565 0.0067401 -0.00027257
9 4 0.057355 0.010506 -0.00012855
9 6 0.080062 0.016154 -3.3413e-05
9 8 0.10245 0.023649 0.00016606
9 10 0.12531 0.033023 0.00037558
10 0 0.013334 0.0044601 -0.00036711
10 0.5 0.018325 0.0047974 -0.00029283
10 1 0.023257 0.0052248 -0.00023519
10 2 0.033235 0.0063833 -0.00010861
10 4 0.053814 0.0099894 0.00013835
10 6 0.07574 0.015471 0.00034262
10 8 0.098266 0.022877 0.00046602
10 10 0.12109 0.032171 0.00059783
