5 0 0.02265 0.0064737 -0.001241
5 0.5 0.029958 0.0069464 -0.001398
5 1 0.037218 0.0075176 -0.0015263
5 2 0.051693 0.0090357 -0.0018073
5 4 0.079793 0.013776 -0.0021009
5 6 0.10768 0.020651 -0.0022439
5 8 0.13527 0.029667 -0.0022022
5 10 0.15871 0.04041 -0.00034343
6 0 0.0196 0.0057944 -0.0010154
6 0.5 0.02654 0.0062309 -0.0011343
6 1 0.033393 0.0067851 -0.0012923
6 2 0.046855 0.0082904 -0.00144
6 4 0.072538 0.012746 -0.0015159
6 6 0.09686 0.019134 -0.0011689
6 8 0.12168 0.027482 -0.00089367
7 0 0.017204 0.0052989 -0.00081369
7 0.5 0.02346 0.0057063 -0.00085828
7 1 0.029669 0.0062231 -0.00088564
7 2 0.042223 0.0076458 -0.00095028
7 4 0.066863 0.011913 -0.0010186
7 6 0.090323 0.017945 -0.00084178
7 8 0.11363 0.0258 -0.00061119
7 10 0.13757 0.035676 -0.00043692
8 0 0.015531 0.0049766 -0.00061057
8 0.5 0.021259 0.0053494 -0.00060268
8 1 0.026996 0.005836 -0.00060213
8 2 0.038441 0.0071429 -0.00058559
8 6 0.084447 0.016971 -0.0004604
8 8 0.10495 0.024317 -2.1753e-05
9 0 0.014304 0.0047016 -0.00047682
9 0.5 0.019598 0.005064 -0.0004251
9 1 0.025048 0.0055313 -0.00037686
9 2 0.035565 0.0067401 -0.00031936
9 4 0.057355 0.010506 -0.00020433
9 6 0.080062 0.016154 -0.00013975
9 8 0.10245 0.023649 2.9082e-05
9 10 0.12531 0.033023 0.00020669
10 0 0.013334 0.0044601 -0.00038455
10 0.5 0.018325 0.0047974 -0.00031685
10 1 0.023257 0.0052248 -0.00026572
10 2 0.033235 0.0063833 -0.00015234
10 4 0.053814 0.0099894 6.723e-05
10 6 0.07574 0.015471 0.000242
10 8 0.098266 0.022877 0.0003346
10 10 0.12109 0.032171 0.00043458
