9 0 -0.00030483 0.12617 0.00026077
9 1 0.054445 0.12767 0.0037683
9 2 0.10996 0.13207 0.0070376
9 3 0.16672 0.13917 0.0097028
9 4 0.22557 0.14895 0.011465
9 5 0.28626 0.16163 0.012562
9 6 0.34866 0.17741 0.013203
9 7 0.41284 0.19644 0.013491
9 8 0.47797 0.21932 0.013666
9 9 0.54521 0.24607 0.013361
9 10 0.61436 0.2766 0.012623
10 0 -0.00037689 0.11589 0.00037411
10 1 0.053566 0.11756 0.0040908
10 2 0.10792 0.12212 0.0075118
10 3 0.16356 0.12952 0.010141
10 4 0.22046 0.13947 0.012159
10 5 0.27903 0.1523 0.013602
10 6 0.33901 0.16793 0.014738
10 7 0.40024 0.18716 0.015479
10 8 0.46349 0.20984 0.015947
10 9 0.52874 0.23624 0.015764
10 10 0.59658 0.2665 0.015037
11 0 -0.00036866 0.10804 0.00044138
11 1 0.052599 0.1098 0.0045188
11 2 0.10612 0.11468 0.0080096
11 3 0.16046 0.12238 0.010848
11 4 0.21576 0.13263 0.013064
11 5 0.27246 0.14543 0.014751
11 6 0.33036 0.16103 0.01629
11 7 0.38978 0.18015 0.017308
11 8 0.45161 0.20259 0.017865
11 9 0.51558 0.22881 0.017797
11 10 0.58241 0.2589 0.017021
12 0 -0.00062314 0.10207 0.00067285
12 1 0.051728 0.10401 0.0049127
12 2 0.10463 0.10909 0.0084487
12 3 0.1578 0.11687 0.01152
12 4 0.21186 0.12718 0.013845
12 5 0.26704 0.14017 0.015775
12 6 0.32326 0.15591 0.017511
12 7 0.38157 0.17473 0.01877
12 8 0.44201 0.19707 0.019422
12 9 0.50489 0.22298 0.019524
12 10 0.57075 0.25277 0.018766
13 0 -0.00036094 0.097511 0.00060384
13 1 0.051167 0.09955 0.0051235
13 2 0.10328 0.10468 0.009008
13 3 0.15565 0.1126 0.012053
13 4 0.20867 0.123 0.014521
13 5 0.26261 0.13598 0.01675
13 6 0.31745 0.15173 0.018609
13 7 0.37449 0.1706 0.0201
13 8 0.43378 0.19257 0.020978
13 9 0.49629 0.21834 0.020921
13 10 0.5616 0.24809 0.020119
