9 0 -0.00030483 0.12617 0.00025129
9 1 0.054445 0.12767 0.0055311
9 2 0.10996 0.13207 0.0106
9 3 0.16672 0.13917 0.015109
9 4 0.22557 0.14895 0.018789
9 5 0.28626 0.16163 0.021872
9 6 0.34866 0.17741 0.024568
9 7 0.41284 0.19644 0.026984
9 8 0.47797 0.21932 0.029341
9 9 0.54521 0.24607 0.031311
9 10 0.61436 0.2766 0.03294
10 0 -0.00037689 0.11589 0.00036238
10 1 0.053566 0.11756 0.0058209
10 2 0.10792 0.12212 0.011
10 3 0.16356 0.12952 0.015434
10 4 0.22046 0.13947 0.019303
10 5 0.27903 0.1523 0.022663
10 6 0.33901 0.16793 0.025773
10 7 0.40024 0.18716 0.028547
10 8 0.46349 0.20984 0.031135
10 9 0.52874 0.23624 0.033161
10 10 0.59658 0.2665 0.034755
11 0 -0.00036866 0.10804 0.00042991
11 1 0.052599 0.1098 0.0062146
11 2 0.10612 0.11468 0.011434
11 3 0.16046 0.12238 0.016033
11 4 0.21576 0.13263 0.020048
11 5 0.27246 0.14543 0.023589
11 6 0.33036 0.16103 0.027036
11 7 0.38978 0.18015 0.030027
11 8 0.45161 0.20259 0.032655
11 9 0.51558 0.22881 0.034753
11 10 0.58241 0.2589 0.036264
12 0 -0.00062314 0.10207 0.00065346
12 1 0.051728 0.10401 0.0065782
12 2 0.10463 0.10909 0.01182
12 3 0.1578 0.11687 0.016612
12 4 0.21186 0.12718 0.020696
12 5 0.26704 0.14017 0.024432
12 6 0.32326 0.15591 0.02802
12 7 0.38157 0.17473 0.031215
12 8 0.44201 0.19707 0.033893
12 9 0.50489 0.22298 0.036124
12 10 0.57075 0.25277 0.037619
13 0 -0.00036094 0.097511 0.00059261
13 1 0.051167 0.09955 0.0067691
13 2 0.10328 0.10468 0.012333
13 3 0.15565 0.1126 0.017072
13 4 0.20867 0.123 0.021264
13 5 0.26261 0.13598 0.025258
13 6 0.31745 0.15173 0.028924
13 7 0.37449 0.1706 0.032311
13 8 0.43378 0.19257 0.035176
13 9 0.49629 0.21834 0.037234
13 10 0.5616 0.24809 0.038666
