7 0 5.5677 3.5693 1.5
7 0.5 5.4853 3.8004 1.539
7 1 5.4029 4.0415 1.5793
7 1.5 5.3206 4.2924 1.6212
7 2 5.2386 4.553 1.6644
7 2.5 5.157 4.8234 1.7092
7 3 5.0757 5.1035 1.7554
7 3.5 4.995 5.3932 1.803
7 4 4.9148 5.6924 1.8521
7 4.5 4.8353 6.0012 1.9027
7 5 4.7566 6.3193 1.9547
7 5.5 4.6787 6.6467 2.0082
7 6 4.6016 6.9834 2.0631
7 6.5 4.5254 7.3293 2.1194
7 7 4.4501 7.6842 2.1771
7 7.5 4.3758 8.0481 2.2363
7 8 4.3024 8.4208 2.2968
7 8.5 4.2301 8.8024 2.3587
7 9 4.1588 9.1926 2.422
7 9.5 4.0886 9.5914 2.4866
7 10 4.0194 9.9985 2.5525
7.5 0 5.8559 3.9192 1.5589
7.5 0.5 5.7626 4.1837 1.6031
7.5 1 5.6696 4.4596 1.6489
7.5 1.5 5.577 4.7468 1.6965
7.5 2 5.4849 5.0454 1.7458
7.5 2.5 5.3934 5.3551 1.7968
7.5 3 5.3026 5.676 1.8495
7.5 3.5 5.2127 6.008 1.9038
7.5 4 5.1236 6.3509 1.9599
7.5 4.5 5.0356 6.7048 2.0177
7.5 5 4.9486 7.0695 2.0771
7.5 5.5 4.8627 7.4449 2.1382
7.5 6 4.7779 7.831 2.201
7.5 6.5 4.6944 8.2275 2.2654
7.5 7 4.612 8.6346 2.3315
7.5 7.5 4.531 9.0519 2.3992
7.5 8 4.4512 9.4794 2.4684
7.5 8.5 4.3727 9.917 2.5393
7.5 9 4.2955 10.364 2.6118
7.5 9.5 4.2196 10.822 2.6858
7.5 10 4.145 11.289 2.7614
8 0 6.1288 4.2922 1.6211
8 0.5 6.0244 4.5925 1.671
8 1 5.9205 4.9057 1.7228
8 1.5 5.8172 5.2318 1.7765
8 2 5.7149 5.5709 1.8322
8 2.5 5.6134 5.9227 1.8899
8 3 5.513 6.2873 1.9495
8 3.5 5.4139 6.6644 2.0111
8 4 5.316 7.0542 2.0746
8 4.5 5.2194 7.4563 2.1401
8 5 5.1242 7.8708 2.2075
8 5.5 5.0305 8.2976 2.2768
8 6 4.9383 8.7364 2.348
8 6.5 4.8476 9.1872 2.4211
8 7 4.7585 9.65 2.4961
8 7.5 4.671 10.124 2.5729
8 8 4.585 10.611 2.6516
8 8.5 4.5006 11.108 2.7321
8 9 4.4178 11.617 2.8144
8 9.5 4.3366 12.137 2.8984
8 10 4.2569 12.668 2.9843
8.5 0 6.3871 4.6886 1.6869
8.5 0.5 6.2711 5.0268 1.7427
8.5 1 6.156 5.3798 1.8008
8.5 1.5 6.0421 5.7474 1.8612
8.5 2 5.9293 6.1296 1.9237
8.5 2.5 5.8179 6.5263 1.9885
8.5 3 5.708 6.9374 2.0556
8.5 3.5 5.5996 7.3627 2.1248
8.5 4 5.493 7.8022 2.1963
8.5 4.5 5.388 8.2558 2.27
8.5 5 5.2849 8.7234 2.3459
8.5 5.5 5.1836 9.2048 2.4239
8.5 6 5.0842 9.6998 2.5041
8.5 6.5 4.9866 10.208 2.5865
8.5 7 4.891 10.73 2.671
8.5 7.5 4.7973 11.266 2.7576
8.5 8 4.7054 11.814 2.8462
8.5 8.5 4.6155 12.376 2.937
8.5 9 4.5274 12.95 3.0297
8.5 9.5 4.4411 13.537 3.1245
8.5 10 4.3567 14.136 3.2213
