7 0 5.5677 3.5693 1.5
7 0.5 5.4853 3.8004 1.539
7 1 5.4029 4.0415 1.5793
7 1.5 5.3206 4.2924 1.6212
7 2 5.2386 4.553 1.6644
7 2.5 5.157 4.8234 1.7092
7 3 5.0757 5.1035 1.7554
7 3.5 4.995 5.3932 1.803
7 4 4.9148 5.6924 1.8521
7 4.5 4.8353 6.0012 1.9027
7 5 4.7566 6.3193 1.9547
7 5.5 4.6787 6.6467 2.0082
7 6 4.6016 6.9834 2.0631
7 6.5 4.5254 7.3293 2.1194
7 7 4.4501 7.6842 2.1771
7 7.5 4.3758 8.0481 2.2363
7 8 4.3024 8.4208 2.2968
7 8.5 4.2301 8.8024 2.3587
7 9 4.1588 9.1926 2.422
7 9.5 4.0886 9.5914 2.4866
7 10 4.0194 9.9985 2.5525
7.5 0 5.8559 3.9192 1.5589
7.5 0.5 5.7626 4.1837 1.6031
7.5 1 5.6696 4.4596 1.6489
7.5 1.5 5.577 4.7468 1.6965
7.5 2 5.4849 5.0454 1.7458
7.5 2.5 5.3934 5.3551 1.7968
7.5 3 5.3026 5.676 1.8495
7.5 3.5 5.2127 6.008 1.9038
7.5 4 5.1236 6.3509 1.9599
7.5 4.5 5.0356 6.7048 2.0177
7.5 5 4.9486 7.0695 2.0771
7.5 5.5 4.8627 7.4449 2.1382
7.5 6 4.7779 7.831 2.201
7.5 6.5 4.6944 8.2275 2.2654
7.5 7 4.612 8.6346 2.3315
7.5 7.5 4.531 9.0519 2.3992
7.5 8 4.4512 9.4794 2.4684
7.5 8.5 4.3727 9.917 2.5393
7.5 9 4.2955 10.364 2.6118
7.5 9.5 4.2196 10.822 2.6858
7.5 10 4.145 11.289 2.7614
8 0 6.1288 4.2922 1.6211
8 0.5 6.0244 4.5925 1.671
8 1 5.9205 4.9057 1.7228
8 1.5 5.8172 5.2318 1.7765
8 2 5.7149 5.5709 1.8322
8 2.5 5.6134 5.9227 1.8899
8 3 5.513 6.2873 1.9495
8 3.5 5.4139 6.6644 2.0111
8 4 5.316 7.0542 2.0746
8 4.5 5.2194 7.4563 2.1401
8 5 5.1242 7.8708 2.2075
8 5.5 5.0305 8.2976 2.2768
8 6 4.9383 8.7364 2.348
8 6.5 4.8476 9.1872 2.4211
8 7 4.7585 9.65 2.4961
8 7.5 4.671 10.124 2.5729
8 8 4.585 10.611 2.6516
8 8.5 4.5006 11.108 2.7321
8 9 4.4178 11.617 2.8144
8 9.5 4.3366 12.137 2.8984
8 10 4.2569 12.668 2.9843
8.5 0 6.3871 4.6886 1.6869
8.5 0.5 6.2711 5.0268 1.7427
8.5 1 6.156 5.3798 1.8008
8.5 1.5 6.0421 5.7474 1.8612
8.5 2 5.9293 6.1296 1.9237
8.5 2.5 5.8179 6.5263 1.9885
8.5 3 5.708 6.9374 2.0556
8.5 3.5 5.5996 7.3627 2.1248
8.5 4 5.493 7.8022 2.1963
8.5 4.5 5.388 8.2558 2.27
8.5 5 5.2849 8.7234 2.3459
8.5 5.5 5.1836 9.2048 2.4239
8.5 6 5.0842 9.6998 2.5041
8.5 6.5 4.9866 10.208 2.5865
8.5 7 4.891 10.73 2.671
8.5 7.5 4.7973 11.266 2.7576
8.5 8 4.7054 11.814 2.8462
8.5 8.5 4.6155 12.376 2.937
8.5 9 4.5274 12.95 3.0297
8.5 9.5 4.4411 13.537 3.1245
8.5 10 4.3567 14.136 3.2213
9 0 6.631 5.1082 1.7562
9 0.5 6.5034 5.4869 1.8184
9 1 6.3771 5.882 1.8832
9 1.5 6.2522 6.2937 1.9505
9 2 6.1291 6.7216 2.0204
9 2.5 6.0078 7.1659 2.0928
9 3 5.8884 7.6263 2.1677
9 3.5 5.771 8.1028 2.2451
9 4 5.6558 8.5952 2.3251
9 4.5 5.5427 9.1034 2.4075
9 5 5.4319 9.6272 2.4924
9 5.5 5.3232 10.166 2.5797
9 6 5.2169 10.721 2.6695
9 6.5 5.1128 11.291 2.7617
9 7 5.0109 11.876 2.8563
9 7.5 4.9113 12.476 2.9532
9 8 4.8139 13.091 3.0525
9 8.5 4.7187 13.72 3.1541
9 9 4.6257 14.363 3.258
9 9.5 4.5347 15.021 3.3641
9 10 4.4459 15.693 3.4725
9.5 0 6.8613 5.5513 1.829
9.5 0.5 6.7218 5.9727 1.898
9.5 1 6.5842 6.4124 1.9699
9.5 1.5 6.4486 6.8706 2.0447
9.5 2 6.3152 7.347 2.1223
9.5 2.5 6.184 7.8416 2.2027
9.5 3 6.0553 8.3542 2.286
9.5 3.5 5.9292 8.8848 2.3721
9.5 4 5.8056 9.4331 2.4609
9.5 4.5 5.6846 9.9989 2.5526
9.5 5 5.5663 10.582 2.647
9.5 5.5 5.4507 11.183 2.7442
9.5 6 5.3377 11.801 2.8441
9.5 6.5 5.2273 12.435 2.9466
9.5 7 5.1196 13.087 3.0519
9.5 7.5 5.0144 13.755 3.1598
9.5 8 4.9118 14.44 3.2703
9.5 8.5 4.8116 15.14 3.3834
9.5 9 4.714 15.857 3.4991
9.5 9.5 4.6186 16.59 3.6173
9.5 10 4.5257 17.338 3.738
10 0 7.0785 6.0179 1.9055
10 0.5 6.9272 6.4843 1.9817
10 1 6.7782 6.9711 2.0611
10 1.5 6.6319 7.4783 2.1436
10 2 6.4883 8.0058 2.2294
10 2.5 6.3476 8.5535 2.3183
10 3 6.2098 9.1212 2.4104
10 3.5 6.0751 9.7087 2.5056
10 4 5.9434 10.316 2.6039
10 4.5 5.8149 10.943 2.7053
10 5 5.6894 11.589 2.8098
10 5.5 5.567 12.254 2.9173
10 6 5.4477 12.938 3.0279
10 6.5 5.3314 13.641 3.1414
10 7 5.2181 14.363 3.258
10 7.5 5.1077 15.103 3.3774
10 8 5.0002 15.861 3.4998
10 8.5 4.8955 16.638 3.625
10 9 4.7934 17.432 3.7531
10 9.5 4.6941 18.243 3.884
10 10 4.5973 19.072 4.0176
10.5 0 7.2832 6.5079 1.9855
10.5 0.5 7.12 7.0217 2.0693
10.5 1 6.9599 7.558 2.1566
10.5 1.5 6.803 8.1169 2.2474
10.5 2 6.6494 8.6981 2.3418
10.5 2.5 6.4993 9.3015 2.4396
10.5 3 6.3527 9.9272 2.541
10.5 3.5 6.2097 10.575 2.6458
10.5 4 6.0703 11.244 2.754
10.5 4.5 5.9344 11.934 2.8657
10.5 5 5.8021 12.647 2.9808
10.5 5.5 5.6734 13.38 3.0992
10.5 6 5.5481 14.134 3.221
10.5 6.5 5.4262 14.909 3.3461
10.5 7 5.3076 15.704 3.4745
10.5 7.5 5.1923 16.52 3.6061
10.5 8 5.0802 17.356 3.7409
10.5 8.5 4.9711 18.212 3.8789
10.5 9 4.8651 19.087 4.02
10.5 9.5 4.762 19.981 4.1642
10.5 10 4.6616 20.895 4.3115
11 0 7.476 7.0216 2.0693
11 0.5 7.3011 7.585 2.161
11 1 7.13 8.1733 2.2566
11 1.5 6.9627 8.7863 2.3561
11 2 6.7994 9.4238 2.4594
11 2.5 6.6401 10.086 2.5667
11 3 6.485 10.772 2.6777
11 3.5 6.334 11.482 2.7926
11 4 6.1871 12.217 2.9113
11 4.5 6.0442 12.975 3.0337
11 5 5.9055 13.756 3.1599
11 5.5 5.7706 14.56 3.2898
11 6 5.6397 15.388 3.4234
11 6.5 5.5125 16.238 3.5606
11 7 5.389 17.111 3.7014
11 7.5 5.2691 18.006 3.8457
11 8 5.1527 18.923 3.9936
11 8.5 5.0396 19.862 4.145
11 9 4.9299 20.822 4.2998
11 9.5 4.8232 21.804 4.458
11 10 4.7196 22.806 4.6196
11.5 0 7.6576 7.5588 2.1567
11.5 0.5 7.4711 8.1742 2.2567
11.5 1 7.2891 8.8169 2.361
11.5 1.5 7.1117 9.4865 2.4696
11.5 2 6.9389 10.183 2.5824
11.5 2.5 6.7708 10.906 2.6994
11.5 3 6.6074 11.656 2.8207
11.5 3.5 6.4487 12.432 2.9461
11.5 4 6.2947 13.235 3.0758
11.5 4.5 6.1452 14.063 3.2095
11.5 5 6.0003 14.916 3.3473
11.5 5.5 5.8597 15.796 3.4892
11.5 6 5.7234 16.7 3.6351
11.5 6.5 5.5912 17.629 3.7849
11.5 7 5.4631 18.583 3.9388
11.5 7.5 5.3389 19.561 4.0965
11.5 8 5.2185 20.563 4.258
11.5 8.5 5.1018 21.589 4.4234
11.5 9 4.9885 22.639 4.5926
11.5 9.5 4.8786 23.711 4.7655
11.5 10 4.772 24.807 4.942
12 0 7.8285 8.1197 2.2479
12 0.5 7.6307 8.7893 2.3566
12 1 7.4381 9.4888 2.4699
12 1.5 7.2508 10.218 2.588
12 2 7.0688 10.976 2.7107
12 2.5 6.8922 11.763 2.838
12 3 6.7209 12.579 2.9699
12 3.5 6.5548 13.424 3.1064
12 4 6.394 14.298 3.2474
12 4.5 6.2382 15.199 3.3929
12 5 6.0874 16.129 3.5429
12 5.5 5.9414 17.086 3.6973
12 6 5.8 18.07 3.8561
12 6.5 5.6632 19.082 4.0192
12 7 5.5308 20.12 4.1866
12 7.5 5.4026 21.185 4.3583
12 8 5.2784 22.276 4.5341
12 8.5 5.1582 23.393 4.7142
12 9 5.0417 24.536 4.8983
12 9.5 4.9288 25.703 5.0865
12 10 4.8194 26.896 5.2786
12.5 0 7.9894 8.704 2.3427
12.5 0.5 7.7805 9.4305 2.4605
12.5 1 7.5775 10.189 2.5834
12.5 1.5 7.3806 10.98 2.7113
12.5 2 7.1897 11.802 2.8443
12.5 2.5 7.0049 12.656 2.9823
12.5 3 6.826 13.542 3.1254
12.5 3.5 6.6529 14.458 3.2734
12.5 4 6.4856 15.406 3.4263
12.5 4.5 6.3238 16.384 3.5841
12.5 5 6.1675 17.392 3.7467
12.5 5.5 6.0163 18.431 3.9142
12.5 6 5.8703 19.498 4.0864
12.5 6.5 5.7291 20.596 4.2633
12.5 7 5.5926 21.723 4.4449
12.5 7.5 5.4606 22.878 4.6311
12.5 8 5.333 24.062 4.8219
12.5 8.5 5.2096 25.273 5.0172
12.5 9 5.0901 26.513 5.2169
12.5 9.5 4.9744 27.78 5.4211
12.5 10 4.8624 29.074 5.6296
13 0 8.1408 9.3121 2.4413
13 0.5 7.921 10.098 2.5685
13 1 7.708 10.918 2.7013
13 1.5 7.5018 11.773 2.8396
13 2 7.3024 12.662 2.9833
13 2.5 7.1097 13.586 3.1325
13 3 6.9235 14.543 3.287
13 3.5 6.7438 15.535 3.447
13 4 6.5702 16.559 3.6124
13 4.5 6.4028 17.617 3.7829
13 5 6.2412 18.707 3.9588
13 5.5 6.0853 19.83 4.1399
13 6 5.9348 20.985 4.3261
13 6.5 5.7895 22.172 4.5174
13 7 5.6492 23.39 4.7137
13 7.5 5.5137 24.64 4.9151
13 8 5.3829 25.92 5.1214
13 8.5 5.2564 27.231 5.3326
13 9 5.1342 28.571 5.5485
13 9.5 5.0159 29.942 5.7693
13 10 4.9016 31.341 5.9947
13.5 0 8.2834 9.9438 2.5436
13.5 0.5 8.053 10.791 2.6807
13.5 1 7.8303 11.675 2.8237
13.5 1.5 7.6151 12.597 2.9727
13.5 2 7.4074 13.556 3.1276
13.5 2.5 7.2071 14.552 3.2884
13.5 3 7.014 15.584 3.455
13.5 3.5 6.8279 16.653 3.6274
13.5 4 6.6486 17.758 3.8056
13.5 4.5 6.4757 18.898 3.9895
13.5 5 6.3092 20.074 4.1791
13.5 5.5 6.1487 21.285 4.3743
13.5 6 5.994 22.53 4.5751
13.5 6.5 5.8449 23.81 4.7813
13.5 7 5.7011 25.124 4.993
13.5 7.5 5.5623 26.471 5.2101
13.5 8 5.4285 27.851 5.4325
13.5 8.5 5.2992 29.265 5.6602
13.5 9 5.1744 30.71 5.8931
13.5 9.5 5.0538 32.188 6.1311
13.5 10 4.9372 33.697 6.3742
14 0 8.4176 10.599 2.6498
14 0.5 8.177 11.51 2.797
14 1 7.9448 12.461 2.9507
14 1.5 7.721 13.452 3.1108
14 2 7.5054 14.483 3.2773
14 2.5 7.2979 15.554 3.4501
14 3 7.0982 16.664 3.6292
14 3.5 6.906 17.813 3.8146
14 4 6.721 19.001 4.0062
14 4.5 6.5431 20.227 4.2039
14 5 6.372 21.492 4.4077
14 5.5 6.2072 22.794 4.6176
14 6 6.0486 24.133 4.8334
14 6.5 5.8959 25.509 5.0552
14 7 5.7487 26.922 5.2828
14 7.5 5.6069 28.371 5.5163
14 8 5.4703 29.856 5.7554
14 8.5 5.3384 31.375 6.0003
14 9 5.2112 32.93 6.2507
14 9.5 5.0884 34.519 6.5066
14 10 4.9698 36.142 6.768
14.5 0 8.544 11.278 2.7596
14.5 0.5 8.2934 12.255 2.9174
14.5 1 8.0521 13.275 3.0822
14.5 1.5 7.82 14.338 3.2539
14.5 2 7.5968 15.444 3.4324
14.5 2.5 7.3824 16.592 3.6177
14.5 3 7.1764 17.783 3.8097
14.5 3.5 6.9784 19.015 4.0085
14.5 4 6.7883 20.29 4.2139
14.5 4.5 6.6056 21.605 4.426
14.5 5 6.43 22.961 4.6445
14.5 5.5 6.2612 24.358 4.8696
14.5 6 6.0989 25.794 5.1011
14.5 6.5 5.9428 27.271 5.339
14.5 7 5.7926 28.786 5.5831
14.5 7.5 5.6479 30.34 5.8335
14.5 8 5.5086 31.933 6.09
14.5 8.5 5.3744 33.563 6.3526
14.5 9 5.2449 35.23 6.6212
14.5 9.5 5.1201 36.935 6.8957
14.5 10 4.9996 38.675 7.176
15 0 8.6631 11.981 2.8732
15 0.5 8.4028 13.026 3.042
15 1 8.1528 14.117 3.2182
15 1.5 7.9127 15.255 3.4019
15 2 7.6823 16.438 3.5928
15 2.5 7.4612 17.667 3.791
15 3 7.2492 18.941 3.9965
15 3.5 7.0458 20.26 4.2092
15 4 6.8506 21.623 4.4289
15 4.5 6.6634 23.031 4.6558
15 5 6.4837 24.482 4.8897
15 5.5 6.3111 25.977 5.1305
15 6 6.1454 27.514 5.3782
15 6.5 5.9861 29.094 5.6327
15 7 5.833 30.715 5.8939
15 7.5 5.6857 32.379 6.1618
15 8 5.5439 34.083 6.4363
15 8.5 5.4074 35.827 6.7172
15 9 5.2759 37.611 7.0046
15 9.5 5.1491 39.435 7.2984
15 10 5.0269 41.298 7.5984
15.5 0 8.7753 12.708 2.9906
15.5 0.5 8.5057 13.823 3.1708
15.5 1 8.2472 14.988 3.3589
15.5 1.5 7.9994 16.203 3.5548
15.5 2 7.7621 17.466 3.7586
15.5 2.5 7.5348 18.778 3.9702
15.5 3 7.317 20.138 4.1895
15.5 3.5 7.1084 21.547 4.4166
15.5 4 6.9086 23.002 4.6512
15.5 4.5 6.7171 24.505 4.8934
15.5 5 6.5334 26.055 5.1431
15.5 5.5 6.3573 27.65 5.4002
15.5 6 6.1883 29.292 5.6646
15.5 6.5 6.0261 30.978 5.9363
15.5 7 5.8702 32.71 6.2152
15.5 7.5 5.7205 34.486 6.5012
15.5 8 5.5764 36.305 6.7942
15.5 8.5 5.4379 38.167 7.0942
15.5 9 5.3044 40.073 7.4011
15.5 9.5 5.1759 42.02 7.7147
15.5 10 5.052 44.009 8.035
16 0 8.8811 13.458 3.1118
16 0.5 8.6025 14.646 3.3037
16 1 8.3359 15.888 3.504
16 1.5 8.0808 17.181 3.7127
16 2 7.8368 18.527 3.9298
16 2.5 7.6035 19.925 4.1552
16 3 7.3803 21.375 4.3889
16 3.5 7.1668 22.875 4.6307
16 4 6.9625 24.427 4.8807
16 4.5 6.7669 26.028 5.1387
16 5 6.5796 27.679 5.4047
16 5.5 6.4002 29.379 5.6786
16 6 6.2281 31.128 5.9604
16 6.5 6.0631 32.925 6.2499
16 7 5.9047 34.77 6.547
16 7.5 5.7526 36.661 6.8517
16 8 5.6065 38.6 7.1639
16 8.5 5.4659 40.585 7.4836
16 9 5.3307 42.615 7.8105
16 9.5 5.2005 44.69 8.1447
16 10 5.0751 46.809 8.4859
16.5 0 8.9809 14.232 3.2368
16.5 0.5 8.6936 15.496 3.4407
16.5 1 8.4192 16.815 3.6537
16.5 1.5 8.157 18.191 3.8756
16.5 2 7.9067 19.623 4.1064
16.5 2.5 7.6677 21.109 4.3461
16.5 3 7.4394 22.651 4.5945
16.5 3.5 7.2212 24.246 4.8516
16.5 4 7.0127 25.896 5.1174
16.5 4.5 6.8133 27.599 5.3918
16.5 5 6.6225 29.354 5.6746
16.5 5.5 6.4399 31.162 5.9659
16.5 6 6.265 33.022 6.2655
16.5 6.5 6.0974 34.933 6.5733
16.5 7 5.9366 36.895 6.8893
16.5 7.5 5.7824 38.907 7.2134
16.5 8 5.6342 40.969 7.5454
16.5 8.5 5.4919 43.079 7.8852
16.5 9 5.355 45.238 8.2329
16.5 9.5 5.2233 47.445 8.5883
16.5 10 5.0964 49.698 8.9512
17 0 9.075 15.03 3.3656
17 0.5 8.7794 16.371 3.582
17 1 8.4975 17.772 3.8079
17 1.5 8.2286 19.232 4.0434
17 2 7.9723 20.752 4.2884
17 2.5 7.7278 22.329 4.5427
17 3 7.4945 23.966 4.8064
17 3.5 7.272 25.659 5.0793
17 4 7.0595 27.41 5.3614
17 4.5 6.8565 29.218 5.6526
17 5 6.6624 31.081 5.9528
17 5.5 6.4769 33.001 6.262
17 6 6.2993 34.975 6.58
17 6.5 6.1292 37.004 6.9067
17 7 5.9662 39.086 7.2421
17 7.5 5.8099 41.221 7.5861
17 8 5.6599 43.41 7.9385
17 8.5 5.5159 45.65 8.2993
17 9 5.3774 47.942 8.6683
17 9.5 5.2443 50.284 9.0455
17 10 5.1161 52.676 9.4307
