0.20000000000000004, 0, 0.0, -2.23846E-04, 1.02134E-02, 7.42050E-03, 4.04100E-02
0.20000000000000004, -1, 0.0, -7.51777E-05, 1.02117E-02, -2.20177E-02, 3.78251E-02
0.20000000000000004, -3, 0.0, 2.35694E-04, 1.01907E-02, -8.40513E-02, 4.11904E-02
0.20000000000000004, 0, 5000.0, -2.32624E-04, 1.06354E-02, 7.42050E-03, 4.04100E-02
0.20000000000000004, -1, 5000.0, -7.82648E-05, 1.06330E-02, -2.20177E-02, 3.78251E-02
0.20000000000000004, -3, 5000.0, 2.44679E-04, 1.06123E-02, -8.40513E-02, 4.11904E-02
0.2, 0, 10000.0, -2.35581E-04, 1.09543E-02, 7.42050E-03, 4.04100E-02
0.2, -1, 10000.0, -7.70998E-05, 1.09503E-02, -2.20177E-02, 3.78251E-02
0.2, -3, 10000.0, 2.54092E-04, 1.09309E-02, -8.40513E-02, 4.11904E-02
0.2, 0, 15000.0, -2.23482E-04, 1.08957E-02, 7.42050E-03, 4.04100E-02
0.2, -1, 15000.0, -6.58874E-05, 1.08900E-02, -2.20177E-02, 3.78251E-02
0.2, -3, 15000.0, 2.64232E-04, 1.08702E-02, -8.40513E-02, 4.11904E-02
0.2, 0, 20000.0, -2.15982E-04, 9.90045E-03, 7.42050E-03, 4.04100E-02
0.2, -1, 20000.0, -7.38581E-05, 9.86873E-03, -2.20177E-02, 3.78251E-02
0.2, -3, 20000.0, 2.24412E-04, 9.83148E-03, -8.40513E-02, 4.11904E-02
0.2, 0, 25000.0, -1.78113E-04, 7.66932E-03, 7.42050E-03, 4.04100E-02
0.2, -1, 25000.0, -6.26425E-05, 7.66789E-03, -2.20177E-02, 3.78251E-02
0.2, -3, 25000.0, 1.83408E-04, 7.62243E-03, -8.40513E-02, 4.11904E-02
0.2, 0, 30000.0, -1.08020E-04, 5.89616E-03, 7.42050E-03, 4.04100E-02
0.2, -1, 30000.0, -2.47852E-05, 5.81383E-03, -2.20177E-02, 3.78251E-02
0.2, -3, 30000.0, 1.46493E-04, 5.80184E-03, -8.40513E-02, 4.11904E-02
0.2, 0, 35000.0, -1.61452E-04, 8.35419E-03, 7.42050E-03, 4.04100E-02
0.2, -1, 35000.0, -4.25547E-05, 8.35954E-03, -2.20177E-02, 3.78251E-02
0.2, -3, 35000.0, 2.02319E-04, 8.33571E-03, -8.40513E-02, 4.11904E-02
0.5, 0, 0.0, -1.93181E-04, 8.14477E-03, 8.26695E-03, 3.87261E-02
0.5, -1, 0.0, -6.01937E-05, 8.14846E-03, -2.43598E-02, 3.74117E-02
0.5, -3, 0.0, 1.70919E-04, 8.13850E-03, -8.06832E-02, 4.23107E-02
0.5, -5, 0.0, 4.21159E-04, 8.04203E-03, -1.52164E-01, 4.84538E-02
0.5, 0, 5000.0, -2.04541E-04, 8.63393E-03, 8.26695E-03, 3.87261E-02
0.5, -1, 5000.0, -6.37511E-05, 8.63889E-03, -2.43598E-02, 3.74117E-02
0.5, -3, 5000.0, 1.80859E-04, 8.62646E-03, -8.06832E-02, 4.23107E-02
0.5, -5, 5000.0, 4.45400E-04, 8.52020E-03, -1.52164E-01, 4.84538E-02
0.5, 0, 10000.0, -2.16228E-04, 9.10396E-03, 8.26695E-03, 3.87261E-02
0.5, -1, 10000.0, -6.80077E-05, 9.10883E-03, -2.43598E-02, 3.74117E-02
0.5, -3, 10000.0, 1.88855E-04, 9.09743E-03, -8.06832E-02, 4.23107E-02
0.5, -5, 10000.0, 4.67028E-04, 8.98796E-03, -1.52164E-01, 4.84538E-02
0.5, 0, 15000.0, -2.26645E-04, 9.59292E-03, 8.26695E-03, 3.87261E-02
0.5, -1, 15000.0, -7.11669E-05, 9.59704E-03, -2.43598E-02, 3.74117E-02
0.5, -3, 15000.0, 1.96300E-04, 9.58693E-03, -8.06832E-02, 4.23107E-02
0.5, -5, 15000.0, 4.87088E-04, 9.47684E-03, -1.52164E-01, 4.84538E-02
0.5, 0, 20000.0, -2.11666E-04, 9.55350E-03, 8.26695E-03, 3.87261E-02
0.5, -1, 20000.0, -5.52081E-05, 9.55326E-03, -2.43598E-02, 3.74117E-02
0.5, -3, 20000.0, 2.06749E-04, 9.54695E-03, -8.06832E-02, 4.23107E-02
0.5, -5, 20000.0, 4.93266E-04, 9.44691E-03, -1.52164E-01, 4.84538E-02
0.5, 0, 25000.0, -1.99661E-04, 8.63731E-03, 8.26695E-03, 3.87261E-02
0.5, -1, 25000.0, -5.37387E-05, 8.61302E-03, -2.43598E-02, 3.74117E-02
0.5, -3, 25000.0, 1.75844E-04, 8.60468E-03, -8.06832E-02, 4.23107E-02
0.5, -5, 25000.0, 4.27688E-04, 8.48733E-03, -1.52164E-01, 4.84538E-02
0.5, 0, 30000.0, -1.76734E-04, 6.70524E-03, 8.26695E-03, 3.87261E-02
0.5, -1, 30000.0, -4.40179E-05, 6.66140E-03, -2.43598E-02, 3.74117E-02
0.5, -3, 30000.0, 1.41862E-04, 6.64243E-03, -8.06832E-02, 4.23107E-02
0.5, -5, 30000.0, 3.57900E-04, 6.51292E-03, -1.52164E-01, 4.84538E-02
0.5, 0, 35000.0, -9.59161E-05, 4.93464E-03, 8.26695E-03, 3.87261E-02
0.5, -1, 35000.0, -2.44864E-05, 4.94852E-03, -2.43598E-02, 3.74117E-02
0.5, -3, 35000.0, 1.09940E-04, 4.93056E-03, -8.06832E-02, 4.23107E-02
0.5, -5, 35000.0, 2.53558E-04, 4.85512E-03, -1.52164E-01, 4.84538E-02
0.8999999999999999, 0, 0.0, -1.77937E-04, 6.81826E-03, 9.66897E-03, 4.64600E-02
0.8999999999999999, -3, 0.0, 1.24944E-04, 6.81618E-03, -9.55812E-02, 4.92511E-02
0.8999999999999999, 0, 5000.0, -1.89559E-04, 7.26895E-03, 9.66897E-03, 4.64600E-02
0.8999999999999999, -3, 5000.0, 1.33180E-04, 7.26681E-03, -9.55812E-02, 4.92511E-02
0.9, 0, 10000.0, -2.02327E-04, 7.77383E-03, 9.66897E-03, 4.64600E-02
0.9, -3, 10000.0, 1.42057E-04, 7.76922E-03, -9.55812E-02, 4.92511E-02
0.9000000000000001, 0, 15000.0, -2.19173E-04, 8.34222E-03, 9.66897E-03, 4.64600E-02
0.9000000000000001, -3, 15000.0, 1.47732E-04, 8.33924E-03, -9.55812E-02, 4.92511E-02
0.9000000000000001, 0, 20000.0, -2.17828E-04, 8.70114E-03, 9.66897E-03, 4.64600E-02
0.9000000000000001, -3, 20000.0, 1.56343E-04, 8.70175E-03, -9.55812E-02, 4.92511E-02
0.9000000000000001, 0, 25000.0, -1.94177E-04, 8.37805E-03, 9.66897E-03, 4.64600E-02
0.9000000000000001, -3, 25000.0, 1.64539E-04, 8.37301E-03, -9.55812E-02, 4.92511E-02
0.9, 0, 30000.0, -1.76988E-04, 7.29317E-03, 9.66897E-03, 4.64600E-02
0.9, -3, 30000.0, 1.36308E-04, 7.25218E-03, -9.55812E-02, 4.92511E-02
0.9, 0, 35000.0, -1.54160E-04, 5.23731E-03, 9.66897E-03, 4.64600E-02
0.9, -3, 35000.0, 9.51829E-05, 5.17050E-03, -9.55812E-02, 4.92511E-02
1.1, 0, 0.0, -1.47363E-04, 6.44453E-03, -2.59298E-03, 6.89702E-02
1.1, -1, 0.0, -5.68565E-05, 6.49439E-03, -3.44177E-02, 6.67944E-02
1.1, -3, 0.0, 1.39039E-04, 6.46158E-03, -1.10998E-01, 7.07142E-02
1.1, -5, 0.0, 3.32898E-04, 6.36470E-03, -1.93268E-01, 7.96370E-02
1.1, 0, 5000.0, -1.56923E-04, 6.86581E-03, -2.59298E-03, 6.89702E-02
1.1, -1, 5000.0, -6.04575E-05, 6.91877E-03, -3.44177E-02, 6.67944E-02
1.1, -3, 5000.0, 1.48059E-04, 6.88362E-03, -1.10998E-01, 7.07142E-02
1.1, -5, 5000.0, 3.54519E-04, 6.78038E-03, -1.93268E-01, 7.96370E-02
1.1, 0, 10000.0, -1.68020E-04, 7.37501E-03, -2.59298E-03, 6.89702E-02
1.1, -1, 10000.0, -6.43226E-05, 7.43368E-03, -3.44177E-02, 6.67944E-02
1.1, -3, 10000.0, 1.59126E-04, 7.39026E-03, -1.10998E-01, 7.07142E-02
1.1, -5, 10000.0, 3.80152E-04, 7.27477E-03, -1.93268E-01, 7.96370E-02
1.1, 0, 15000.0, -1.81866E-04, 7.95825E-03, -2.59298E-03, 6.89702E-02
1.1, -1, 15000.0, -7.10041E-05, 8.02182E-03, -3.44177E-02, 6.67944E-02
1.1, -3, 15000.0, 1.68406E-04, 7.97859E-03, -1.10998E-01, 7.07142E-02
1.1, -5, 15000.0, 4.05816E-04, 7.85556E-03, -1.93268E-01, 7.96370E-02
1.1, 0, 20000.0, -1.85698E-04, 8.39512E-03, -2.59298E-03, 6.89702E-02
1.1, -1, 20000.0, -7.22648E-05, 8.46318E-03, -3.44177E-02, 6.67944E-02
1.1, -3, 20000.0, 1.76386E-04, 8.42193E-03, -1.10998E-01, 7.07142E-02
1.1, -5, 20000.0, 4.22952E-04, 8.29668E-03, -1.93268E-01, 7.96370E-02
1.1, 0, 25000.0, -1.69800E-04, 8.31386E-03, -2.59298E-03, 6.89702E-02
1.1, -1, 25000.0, -6.25730E-05, 8.39035E-03, -3.44177E-02, 6.67944E-02
1.1, -3, 25000.0, 1.81787E-04, 8.35003E-03, -1.10998E-01, 7.07142E-02
1.1, -5, 25000.0, 4.24177E-04, 8.22444E-03, -1.93268E-01, 7.96370E-02
1.1, 0, 30000.0, -1.52180E-04, 7.41869E-03, -2.59298E-03, 6.89702E-02
1.1, -1, 30000.0, -6.18829E-05, 7.47529E-03, -3.44177E-02, 6.67944E-02
1.1, -3, 30000.0, 1.55183E-04, 7.42313E-03, -1.10998E-01, 7.07142E-02
1.1, -5, 30000.0, 3.68397E-04, 7.30476E-03, -1.93268E-01, 7.96370E-02
1.1, 0, 35000.0, -1.22232E-04, 5.57424E-03, -2.59298E-03, 6.89702E-02
1.1, -1, 35000.0, -5.31673E-05, 5.66644E-03, -3.44177E-02, 6.67944E-02
1.1, -3, 35000.0, 1.25268E-04, 5.58462E-03, -1.10998E-01, 7.07142E-02
1.1, -5, 35000.0, 2.97467E-04, 5.43882E-03, -1.93268E-01, 7.96370E-02
2.0, 0, 0.0, -1.30072E-04, 5.63417E-03, 3.74139E-02, 5.50866E-02
2.0, -1, 0.0, -4.72007E-05, 5.62234E-03, 1.19074E-02, 5.53374E-02
2.0, -3, 0.0, 1.11873E-04, 5.64533E-03, -3.95627E-02, 5.54985E-02
2.0, -5, 0.0, 2.70771E-04, 5.57880E-03, -9.20164E-02, 5.98674E-02
2.0, -6, 0.0, 3.50155E-04, 5.54041E-03, -1.19942E-01, 6.35321E-02
2.0, 0, 5000.0, -1.38109E-04, 5.99021E-03, 3.74139E-02, 5.50866E-02
2.0, -1, 5000.0, -4.99400E-05, 5.97785E-03, 1.19074E-02, 5.53374E-02
2.0, -3, 5000.0, 1.19043E-04, 6.00197E-03, -3.95627E-02, 5.54985E-02
2.0, -5, 5000.0, 2.88042E-04, 5.93063E-03, -9.20164E-02, 5.98674E-02
2.0, -6, 5000.0, 3.72435E-04, 5.88963E-03, -1.19942E-01, 6.35321E-02
2.0, 0, 10000.0, -1.47974E-04, 6.43106E-03, 3.74139E-02, 5.50866E-02
2.0, -1, 10000.0, -5.31551E-05, 6.41805E-03, 1.19074E-02, 5.53374E-02
2.0, -3, 10000.0, 1.28039E-04, 6.44376E-03, -3.95627E-02, 5.54985E-02
2.0, -5, 10000.0, 3.09257E-04, 6.36457E-03, -9.20164E-02, 5.98674E-02
2.0, -6, 10000.0, 3.99779E-04, 6.31973E-03, -1.19942E-01, 6.35321E-02
2.0, 0, 15000.0, -1.62054E-04, 7.08550E-03, 3.74139E-02, 5.50866E-02
2.0, -1, 15000.0, -5.75103E-05, 7.07771E-03, 1.19074E-02, 5.53374E-02
2.0, -3, 15000.0, 1.41927E-04, 7.10455E-03, -3.95627E-02, 5.54985E-02
2.0, -5, 15000.0, 3.40375E-04, 7.00631E-03, -9.20164E-02, 5.98674E-02
2.0, -6, 15000.0, 4.39648E-04, 6.95368E-03, -1.19942E-01, 6.35321E-02
2.0, 0, 20000.0, -1.73331E-04, 7.63484E-03, 3.74139E-02, 5.50866E-02
2.0, -1, 20000.0, -6.23667E-05, 7.62053E-03, 1.19074E-02, 5.53374E-02
2.0, -3, 20000.0, 1.50360E-04, 7.65294E-03, -3.95627E-02, 5.54985E-02
2.0, -5, 20000.0, 3.61691E-04, 7.55286E-03, -9.20164E-02, 5.98674E-02
2.0, -6, 20000.0, 4.67386E-04, 7.49723E-03, -1.19942E-01, 6.35321E-02
2.0, 0, 25000.0, -1.73132E-04, 7.92127E-03, 3.74139E-02, 5.50866E-02
2.0, -1, 25000.0, -6.03079E-05, 7.89522E-03, 1.19074E-02, 5.53374E-02
2.0, -3, 25000.0, 1.55443E-04, 7.92586E-03, -3.95627E-02, 5.54985E-02
2.0, -5, 25000.0, 3.68710E-04, 7.82611E-03, -9.20164E-02, 5.98674E-02
2.0, -6, 25000.0, 4.76536E-04, 7.77570E-03, -1.19942E-01, 6.35321E-02
2.0, 0, 30000.0, -1.62985E-04, 7.64930E-03, 3.74139E-02, 5.50866E-02
2.0, -1, 30000.0, -5.47189E-05, 7.58104E-03, 1.19074E-02, 5.53374E-02
2.0, -3, 30000.0, 1.40926E-04, 7.65316E-03, -3.95627E-02, 5.54985E-02
2.0, -5, 30000.0, 3.41244E-04, 7.54962E-03, -9.20164E-02, 5.98674E-02
2.0, -6, 30000.0, 4.41110E-04, 7.49816E-03, -1.19942E-01, 6.35321E-02
2.0, 0, 35000.0, -1.62995E-04, 6.89945E-03, 3.74139E-02, 5.50866E-02
2.0, -1, 35000.0, -6.37704E-05, 6.90661E-03, 1.19074E-02, 5.53374E-02
2.0, -3, 35000.0, 1.06168E-04, 6.94851E-03, -3.95627E-02, 5.54985E-02
2.0, -5, 35000.0, 2.87801E-04, 6.86973E-03, -9.20164E-02, 5.98674E-02
2.0, -6, 35000.0, 3.78594E-04, 6.83585E-03, -1.19942E-01, 6.35321E-02
4.0, -1, 0.0, -7.60383E-05, 6.49117E-03, 7.21613E-03, 1.58614E-02
4.0, -3, 0.0, 1.19628E-04, 6.33908E-03, -3.13091E-02, 1.68429E-02
4.0, -5, 0.0, 3.07685E-04, 6.15650E-03, -7.25177E-02, 2.07294E-02
4.0, -6, 0.0, 4.01199E-04, 6.06016E-03, -9.34714E-02, 2.38954E-02
4.0, -1, 5000.0, -8.04566E-05, 6.87711E-03, 7.21613E-03, 1.58614E-02
4.0, -3, 5000.0, 1.26662E-04, 6.71664E-03, -3.13091E-02, 1.68429E-02
4.0, -5, 5000.0, 3.25795E-04, 6.52342E-03, -7.25177E-02, 2.07294E-02
4.0, -6, 5000.0, 4.24903E-04, 6.42148E-03, -9.34714E-02, 2.38954E-02
4.0, -1, 10000.0, -8.59674E-05, 7.35824E-03, 7.21613E-03, 1.58614E-02
4.0, -3, 10000.0, 1.35404E-04, 7.18733E-03, -3.13091E-02, 1.68429E-02
4.0, -5, 10000.0, 3.48340E-04, 6.98088E-03, -7.25177E-02, 2.07294E-02
4.0, -6, 10000.0, 4.54435E-04, 6.87190E-03, -9.34714E-02, 2.38954E-02
4.0, -1, 15000.0, -9.46650E-05, 8.11791E-03, 7.21613E-03, 1.58614E-02
4.0, -3, 15000.0, 1.49171E-04, 7.93030E-03, -3.13091E-02, 1.68429E-02
4.0, -5, 15000.0, 3.83642E-04, 7.69850E-03, -7.25177E-02, 2.07294E-02
4.0, -6, 15000.0, 5.00381E-04, 7.57474E-03, -9.34714E-02, 2.38954E-02
4.0, -1, 20000.0, -1.05122E-04, 9.04160E-03, 7.21613E-03, 1.58614E-02
4.0, -3, 20000.0, 1.65410E-04, 8.81413E-03, -3.13091E-02, 1.68429E-02
4.0, -5, 20000.0, 4.24738E-04, 8.54168E-03, -7.25177E-02, 2.07294E-02
4.0, -6, 20000.0, 5.54377E-04, 8.40438E-03, -9.34714E-02, 2.38954E-02
4.0, -1, 25000.0, -1.17489E-04, 9.85110E-03, 7.21613E-03, 1.58614E-02
4.0, -3, 25000.0, 1.75865E-04, 9.60252E-03, -3.13091E-02, 1.68429E-02
4.0, -5, 25000.0, 4.57449E-04, 9.30298E-03, -7.25177E-02, 2.07294E-02
4.0, -6, 25000.0, 5.99103E-04, 9.15591E-03, -9.34714E-02, 2.38954E-02
4.0, -1, 30000.0, -1.21711E-04, 1.03168E-02, 7.21613E-03, 1.58614E-02
4.0, -3, 30000.0, 1.81010E-04, 1.00387E-02, -3.13091E-02, 1.68429E-02
4.0, -5, 30000.0, 4.71315E-04, 9.71450E-03, -7.25177E-02, 2.07294E-02
4.0, -6, 30000.0, 6.19405E-04, 9.56099E-03, -9.34714E-02, 2.38954E-02
4.0, -1, 35000.0, -1.06474E-04, 1.00307E-02, 7.21613E-03, 1.58614E-02
4.0, -3, 35000.0, 1.83611E-04, 9.76156E-03, -3.13091E-02, 1.68429E-02
4.0, -5, 35000.0, 4.65604E-04, 9.47698E-03, -7.25177E-02, 2.07294E-02
4.0, -6, 35000.0, 6.09071E-04, 9.32869E-03, -9.34714E-02, 2.38954E-02
5.1, -1, 0.0, -6.93611E-05, 5.84755E-03, 2.28591E-03, 1.20117E-02
5.1, -3, 0.0, 1.12098E-04, 5.62568E-03, -3.30585E-02, 1.29689E-02
5.1, -5, 0.0, 2.83991E-04, 5.42575E-03, -6.89806E-02, 1.66431E-02
5.1, -6, 0.0, 3.68024E-04, 5.33507E-03, -8.73619E-02, 1.95319E-02
5.1, -1, 5000.0, -7.26444E-05, 6.20323E-03, 2.28591E-03, 1.20117E-02
5.1, -3, 5000.0, 1.18824E-04, 5.96622E-03, -3.30585E-02, 1.29689E-02
5.1, -5, 5000.0, 3.01020E-04, 5.75503E-03, -6.89806E-02, 1.66431E-02
5.1, -6, 5000.0, 3.90098E-04, 5.65906E-03, -8.73619E-02, 1.95319E-02
5.1, -1, 10000.0, -7.85601E-05, 6.64176E-03, 2.28591E-03, 1.20117E-02
5.1, -3, 10000.0, 1.27243E-04, 6.39315E-03, -3.30585E-02, 1.29689E-02
5.1, -5, 10000.0, 3.22365E-04, 6.16797E-03, -6.89806E-02, 1.66431E-02
5.1, -6, 10000.0, 4.17770E-04, 6.06544E-03, -8.73619E-02, 1.95319E-02
5.1, -1, 15000.0, -8.65965E-05, 7.33480E-03, 2.28591E-03, 1.20117E-02
5.1, -3, 15000.0, 1.40465E-04, 7.06254E-03, -3.30585E-02, 1.29689E-02
5.1, -5, 15000.0, 3.55839E-04, 6.81515E-03, -6.89806E-02, 1.66431E-02
5.1, -6, 15000.0, 4.61080E-04, 6.70121E-03, -8.73619E-02, 1.95319E-02
5.1, -1, 20000.0, -9.64332E-05, 8.18661E-03, 2.28591E-03, 1.20117E-02
5.1, -3, 20000.0, 1.56520E-04, 7.87929E-03, -3.30585E-02, 1.29689E-02
5.1, -5, 20000.0, 3.96001E-04, 7.59489E-03, -6.89806E-02, 1.66431E-02
5.1, -6, 20000.0, 5.12948E-04, 7.46559E-03, -8.73619E-02, 1.95319E-02
5.1, -1, 25000.0, -1.08782E-04, 9.07848E-03, 2.28591E-03, 1.20117E-02
5.1, -3, 25000.0, 1.72045E-04, 8.73696E-03, -3.30585E-02, 1.29689E-02
5.1, -5, 25000.0, 4.38414E-04, 8.42925E-03, -6.89806E-02, 1.66431E-02
5.1, -6, 25000.0, 5.68532E-04, 8.28825E-03, -8.73619E-02, 1.95319E-02
5.1, -1, 30000.0, -1.18808E-04, 9.77723E-03, 2.28591E-03, 1.20117E-02
5.1, -3, 30000.0, 1.82805E-04, 9.40916E-03, -3.30585E-02, 1.29689E-02
5.1, -5, 30000.0, 4.68710E-04, 9.06298E-03, -6.89806E-02, 1.66431E-02
5.1, -6, 30000.0, 6.07720E-04, 8.89429E-03, -8.73619E-02, 1.95319E-02
5.1, -1, 35000.0, -1.15125E-04, 9.75444E-03, 2.28591E-03, 1.20117E-02
5.1, -3, 35000.0, 1.82649E-04, 9.34567E-03, -3.30585E-02, 1.29689E-02
5.1, -5, 35000.0, 4.65880E-04, 8.97497E-03, -6.89806E-02, 1.66431E-02
5.1, -6, 35000.0, 6.05111E-04, 8.80850E-03, -8.73619E-02, 1.95319E-02