1 0.55783 0.34565 0.27457 0.86486 0.514 0.2394
2 0.66927 0.010673 0.37954 0.16964 0.21414 0.59215
3 0.17816 0.29591 0.59834 0.44785 0.33665 0.45889
4 0.44899 0.14195 0.9475 0.087831 0.70751 0.35409
5 0.21585 0.043488 0.42713 0.69617 0.77311 0.39707
6 0.74736 0.47987 0.64207 0.427 0.90412 0.057806
7 0.10267 0.5396 0.99171 0.49007 0.11122 0.00074869
8 0.92629 0.71422 0.46043 0.82094 0.63037 0.75349
9 0.69495 0.25981 0.62221 0.21938 0.54454 0.11374
10 0.069098 0.65727 0.88717 0.9008 0.15866 0.55345
11 0.89942 0.61431 0.8393 0.26304 0.82613 0.67686
12 0.76446 0.43172 0.088459 0.55296 0.85792 0.69126
13 0.63303 0.90639 0.17837 0.38878 0.41766 0.62215
14 0.8472 0.7869 0.55818 0.56489 0.39733 0.8596
15 0.39275 0.3754 0.73945 0.28505 0.57672 0.29579
16 0.27611 0.73635 0.22218 0.74042 0.26097 0.96468
17 0.15875 0.57248 0.34035 0.13575 0.013523 0.43512
18 0.99959 0.99334 0.2936 0.93129 0.44856 0.50839
19 0.8013 0.17391 0.49979 0.034399 0.3124 0.83751
20 0.0044785 0.84925 0.13033 0.97668 0.16154 0.27426
21 0.59801 0.50417 0.68225 0.6722 0.7386 0.95728
22 0.49319 0.22415 0.048027 0.35747 0.96342 0.1526
23 0.32094 0.93232 0.86249 0.077444 0.054173 0.76925
24 0.43119 0.83049 0.036387 0.76241 0.95386 0.88409
25 0.31664 0.082045 0.76266 0.61919 0.67791 0.17927
