1 0.70245 0.27939 0.071927 0.6455 0.093001 0.51842 0.94579 0.20072 0.1589
2 0.25252 0.55009 0.74702 0.87903 0.04085 0.30843 0.24111 0.8622 0.0040226
3 0.6601 0.85865 0.29484 0.41406 0.72385 0.39417 0.29218 0.0040401 0.3097
4 0.9451 0.365 0.504 0.27652 0.93166 0.89066 0.4283 0.66545 0.37262
5 0.92167 0.91161 0.98283 0.032958 0.97193 0.78796 0.03133 0.95441 0.46771
6 0.055762 0.6969 0.34987 0.75762 0.78773 0.597 0.715 0.74775 0.93696
7 0.28893 0.24007 0.65142 0.46994 0.21828 0.15179 0.58342 0.16439 0.88822
8 0.40704 0.97233 0.72905 0.5704 0.84198 0.2435 0.90322 0.074309 0.40078
9 0.56556 0.12128 0.41551 0.72933 0.27723 0.022626 0.51815 0.54007 0.21554
10 0.48649 0.51631 0.55525 0.07555 0.35105 0.97441 0.61304 0.35827 0.84422
11 0.85643 0.4653 0.018986 0.35792 0.16193 0.82484 0.067593 0.32414 0.75584
12 0.33644 0.73842 0.89053 0.97633 0.45488 0.66522 0.398 0.71881 0.65039
13 0.16394 0.023087 0.17206 0.8002 0.46951 0.40596 0.16429 0.92119 0.71363
14 0.088018 0.60449 0.24062 0.18506 0.58231 0.079963 0.79419 0.46388 0.087988
15 0.79756 0.1891 0.81226 0.22317 0.60503 0.68361 0.81319 0.5262 0.56481
