1 0.72061 0.0049672 0.58169 0.97777 0.13975 0.32656 0.61908 0.87851 0.2209
2 0.87291 0.6912 0.047181 0.54675 0.086665 0.65078 0.92591 0.28325 0.96284
3 0.80088 0.32309 0.33725 0.093299 0.70055 0.67754 0.67901 0.36861 0.8741
4 0.20375 0.98455 0.23942 0.060104 0.50592 0.73905 0.83451 0.015315 0.49537
5 0.11198 0.13742 0.77217 0.68364 0.2338 0.59236 0.2211 0.16139 0.81952
6 0.19479 0.63383 0.83561 0.51026 0.96221 0.85497 0.54043 0.77871 0.032901
7 0.33246 0.56764 0.64581 0.91531 0.01177 0.4715 0.95388 0.57571 0.15682
8 0.41898 0.83106 0.47591 0.7841 0.76578 0.34067 0.066023 0.72218 0.45371
9 0.47333 0.47346 0.42959 0.41024 0.38635 0.0010851 0.31316 0.10894 0.36831
10 0.35796 0.10113 0.16313 0.62896 0.43413 0.88709 0.096836 0.94258 0.12672
11 0.048607 0.4618 0.12799 0.85111 0.93095 0.084591 0.49212 0.66369 0.60326
12 0.78729 0.21567 0.30981 0.31515 0.66461 0.40439 0.36433 0.80253 0.70883
13 0.53449 0.3678 0.97774 0.1406 0.82732 0.15216 0.79858 0.2655 0.54288
14 0.97265 0.78875 0.67727 0.36583 0.58617 0.23491 0.16425 0.50081 0.26806
15 0.62526 0.91375 0.91309 0.21288 0.29282 0.96071 0.46543 0.4412 0.77952
