1 0.57441 0.25977 0.27007 0.022386 0.25663 0.097818 0.78644 0.85785 0.23602
2 0.49734 0.73177 0.45532 0.47767 0.34731 0.023039 0.29879 0.71274 0.70269
3 0.64035 0.53152 0.62082 0.37554 0.16443 0.44908 0.88677 0.97226 0.51104
4 0.97124 0.32266 0.976 0.40386 0.71287 0.87363 0.61518 0.77297 0.88712
5 0.78932 0.75708 0.72811 0.25624 0.63903 0.73551 0.82239 0.46894 0.091523
6 0.91866 0.81423 0.91358 0.87892 0.017848 0.2375 0.1138 0.92095 0.8589
7 0.13152 0.64276 0.54981 0.55337 0.97474 0.34151 0.66906 0.016227 0.3962
8 0.031168 0.36984 0.14768 0.090403 0.3112 0.67628 0.44247 0.40351 0.43789
9 0.28557 0.57433 0.019118 0.76194 0.58901 0.32232 0.38792 0.29542 0.60452
10 0.26646 0.94019 0.26009 0.66658 0.44158 0.99877 0.56049 0.39472 0.79288
11 0.37491 0.87054 0.50513 0.9434 0.76071 0.17326 0.23412 0.1959 0.3319
12 0.71841 0.45193 0.8057 0.68311 0.91043 0.6438 0.050252 0.62467 0.021225
13 0.40483 0.014645 0.37177 0.3261 0.11516 0.48325 0.47048 0.11999 0.95103
14 0.17569 0.10312 0.79198 0.80728 0.84995 0.85814 0.96761 0.21653 0.18383
15 0.80783 0.16523 0.11511 0.17619 0.47622 0.53598 0.13914 0.57811 0.54122
